[INFO]  2026/01/09 14:34:42.108994 STARTUP_PHASE phase=1_config_loaded
[INFO]  2026/01/09 14:34:42.109085 tinyMem v5.3-gold starting
[INFO]  2026/01/09 14:34:42.109090 Configuration loaded from: config/config.qwen-code.toml
[INFO]  2026/01/09 14:34:42.109093   Database: ./runtime/tinyMem.db
[INFO]  2026/01/09 14:34:42.109095   Log file: ./runtime/tinyMem1.log
[INFO]  2026/01/09 14:34:42.109098   Debug mode: true
[INFO]  2026/01/09 14:34:42.109100   LLM Provider: qwen-code
[INFO]  2026/01/09 14:34:42.109102   LLM Endpoint: cli
[INFO]  2026/01/09 14:34:42.109104   LLM Model: qwen-code
[INFO]  2026/01/09 14:34:42.109106   Proxy Address: 127.0.0.1:4321
[INFO]  2026/01/09 14:34:42.109108 STARTUP_PHASE phase=2_logger_initialized
[INFO]  2026/01/09 14:34:42.109112 STARTUP_PHASE phase=3_opening_database
[INFO]  2026/01/09 14:34:42.109115 Opening database: ./runtime/tinyMem.db
[INFO]  2026/01/09 14:34:42.109857 Database opened successfully
[INFO]  2026/01/09 14:34:42.109867 STARTUP_PHASE phase=4_running_migrations
[INFO]  2026/01/09 14:34:42.109869 Database migrations completed (WAL mode enabled)
[INFO]  2026/01/09 14:34:42.109874 STARTUP_PHASE phase=5_starting_server
[DEBUG] 2026/01/09 14:34:42.109876 Loading symbols.json patterns
[INFO]  2026/01/09 14:34:42.109944 Loaded symbols.json for regex fallback
[DEBUG] 2026/01/09 14:34:42.109948 Initializing runtime components
[DEBUG] 2026/01/09 14:34:42.109952 Initializing hydration engine
[DEBUG] 2026/01/09 14:34:42.109955 Initializing LLM client (provider=qwen-code)
[INFO]  2026/01/09 14:34:42.109957 Using CLI provider: qwen-code
[DEBUG] 2026/01/09 14:34:42.109959 Initializing shadow auditor
[DEBUG] 2026/01/09 14:34:42.109962 Initializing API server on 127.0.0.1:4321
[INFO]  2026/01/09 14:34:42.110018 HTTP server listening on 127.0.0.1:4321
[INFO]  2026/01/09 14:34:42.110032 Starting tinyMem proxy server on 127.0.0.1:4321
[INFO]  2026/01/09 14:34:42.211034 STARTUP_COMPLETE listen_addr=127.0.0.1:4321
[DEBUG] 2026/01/09 14:34:44.946828 PROXY_REQUEST method=POST path=/v1/chat/completions
[DEBUG] 2026/01/09 14:34:44.948089 EPISODE_CREATED episode_id=9490084e-6cd3-4694-9ee3-5afc82d55f8f
